waypoints:
- name: WP1
x: 715
y: 568
yaw: 1.5707963267948966
- name: WP2
x: 474
y: 781
yaw: 1.5707963267948966